{
  "__type__": "cc.Model",
  "_name": "rob_default",
  "_objFlags": 0,
  "_native": "",
  "_nodes": [
    {
      "name": "RootNode",
      "scale": [
        1,
        1,
        1
      ],
      "children": [
        1,
        2
      ],
      "position": [
        0,
        0,
        0
      ],
      "quat": [
        0,
        0,
        0,
        1
      ],
      "path": ""
    },
    {
      "name": "rob",
      "scale": [
        100,
        100,
        100
      ],
      "mesh": 0,
      "skin": 0,
      "parent": null,
      "position": [
        0,
        0,
        0
      ],
      "quat": [
        6.12323426292584e-17,
        1,
        6.12323426292584e-17,
        3.74939939305299e-33
      ],
      "path": "rob"
    },
    {
      "name": "Armature",
      "scale": [
        100,
        100,
        100
      ],
      "children": [
        3,
        21,
        22,
        23,
        24
      ],
      "parent": null,
      "position": [
        0,
        0,
        0
      ],
      "quat": [
        -0.707106709480286,
        3.09086161109917e-8,
        -3.09086232164191e-8,
        0.707106828689575
      ],
      "path": "Armature"
    },
    {
      "name": "belly",
      "scale": [
        1,
        1,
        1
      ],
      "children": [
        4,
        15,
        18
      ],
      "parent": null,
      "position": [
        1.32348882724304e-25,
        2.64697790100512e-25,
        0.00757087394595146
      ],
      "quat": [
        0.707106828689575,
        -2.54265258534841e-30,
        -3.77603128727072e-30,
        0.707106709480286
      ],
      "path": "Armature/belly",
      "uniqueBindPose": [
        -1,
        2.4492937051703357e-16,
        2.9995195144423884e-32,
        0,
        2.4492937051703357e-16,
        1,
        2.4492937051703357e-16,
        0,
        2.9995195144423884e-32,
        2.4492937051703357e-16,
        -1,
        0,
        -9.390042644319276e-19,
        -0.007667552214115858,
        -9.390042644319276e-19,
        1
      ]
    },
    {
      "name": "torso",
      "scale": [
        1,
        1,
        1
      ],
      "children": [
        5,
        7,
        11
      ],
      "parent": null,
      "position": [
        -1.01178846883945e-32,
        0.00290033384226263,
        7.94093370301536e-25
      ],
      "quat": [
        -2.64697796016969e-23,
        -3.53161526080255e-31,
        -6.61744647814603e-24,
        1
      ],
      "path": "Armature/belly/torso",
      "uniqueBindPose": [
        -1,
        2.4492937051703357e-16,
        2.9995195144423884e-32,
        0,
        2.4492937051703357e-16,
        1,
        2.4492937051703357e-16,
        0,
        2.9995195144423884e-32,
        2.4492937051703357e-16,
        -1,
        0,
        -1.2941928277276303e-18,
        -0.010567886754870415,
        -1.2941928277276303e-18,
        1
      ]
    },
    {
      "name": "head",
      "scale": [
        1,
        1,
        1
      ],
      "children": [
        6
      ],
      "parent": null,
      "position": [
        1.32348882724304e-25,
        0.00402124878019094,
        7.94093370301536e-25
      ],
      "quat": [
        -2.64697796016969e-23,
        -1.58984670553234e-30,
        -1.32348913785703e-23,
        1
      ],
      "path": "Armature/belly/torso/head",
      "uniqueBindPose": [
        -1,
        2.4492937051703357e-16,
        2.9995195144423884e-32,
        0,
        2.4492937051703357e-16,
        1,
        2.4492937051703357e-16,
        0,
        2.9995195144423884e-32,
        2.4492937051703357e-16,
        -1,
        0,
        -1.786653874832886e-18,
        -0.01458913553506136,
        -1.786653874832886e-18,
        1
      ]
    },
    {
      "name": "hair",
      "scale": [
        1,
        1,
        1
      ],
      "mesh": 1,
      "parent": null,
      "position": [
        -1.29246921407604e-25,
        -0.0145891355350614,
        -1.05879116040205e-24
      ],
      "quat": [
        -6.12323426292584e-17,
        1,
        6.12323426292584e-17,
        4.37113882867379e-8
      ],
      "path": "Armature/belly/torso/head/hair"
    },
    {
      "name": "arm_up.L",
      "scale": [
        1.00000059604645,
        1.00000011920929,
        1
      ],
      "children": [
        8
      ],
      "parent": null,
      "position": [
        0.00333630526438355,
        0.00363481277599931,
        0.0000107170280898572
      ],
      "quat": [
        0.977409064769745,
        0.210823535919189,
        0.00182488223072141,
        -0.0148870339617133
      ],
      "path": "Armature/belly/torso/arm_up.L",
      "uniqueBindPose": [
        -0.9446018934249878,
        -0.3282168507575989,
        5.004699765720488e-9,
        0,
        0.3282134234905243,
        -0.9445930123329163,
        0.004461192060261965,
        0,
        -0.0014642328023910522,
        0.004214053973555565,
        0.9999901652336121,
        0,
        -0.007813012227416039,
        0.012320782989263535,
        -0.00005264403807814233,
        1
      ]
    },
    {
      "name": "arm_down.L",
      "scale": [
        1,
        0.999999940395355,
        1
      ],
      "children": [
        9
      ],
      "parent": null,
      "position": [
        -4.90399554298193e-10,
        0.0036561219021678,
        3.25962902503196e-11
      ],
      "quat": [
        -0.0536451041698456,
        -0.0101780602708459,
        0.221396341919899,
        0.973654091358185
      ],
      "path": "Armature/belly/torso/arm_up.L/arm_down.L",
      "uniqueBindPose": [
        -0.9999993443489075,
        -5.949165142737911e-7,
        -2.509655701032898e-7,
        0,
        5.949162300566968e-7,
        -0.9999998211860657,
        8.746103147272422e-11,
        0,
        -2.5096545641645207e-7,
        8.731172729259384e-11,
        0.9999998211860657,
        0,
        -0.0045363083481788635,
        0.01074914913624525,
        -0.0000046911950448702555,
        1
      ]
    },
    {
      "name": "hand.L",
      "scale": [
        0.999999940395355,
        1,
        1
      ],
      "children": [
        10
      ],
      "parent": null,
      "position": [
        -2.41179798354807e-10,
        0.00350511074066162,
        -1.3969838306982e-11
      ],
      "quat": [
        3.56976670445874e-10,
        -1.18991017927783e-7,
        -1.51212589116767e-8,
        1
      ],
      "path": "Armature/belly/torso/arm_up.L/arm_down.L/hand.L",
      "uniqueBindPose": [
        -0.9999995231628418,
        -5.948508601250069e-7,
        -1.2861215203940901e-8,
        0,
        5.948505759079126e-7,
        -1,
        7.650504917620406e-15,
        0,
        -1.2861208986691963e-8,
        5.0289106468708765e-23,
        1,
        0,
        -0.004536306951195002,
        0.007244038861244917,
        -0.000004690124114858918,
        1
      ]
    },
    {
      "name": "wep.L",
      "scale": [
        0.999999940395355,
        1,
        1
      ],
      "parent": null,
      "position": [
        -5.4766130519468e-10,
        0.00113627209793776,
        -0.000658010831102729
      ],
      "quat": [
        -5.29947143945719e-8,
        0.707106828689575,
        -0.707106709480286,
        5.37754374363431e-8
      ],
      "path": "Armature/belly/torso/arm_up.L/arm_down.L/hand.L/wep.L",
      "uniqueBindPose": [
        0.9999995231628418,
        1.2861316456280747e-8,
        5.074280124972574e-7,
        0,
        -5.07427785123582e-7,
        -2.1492516211196744e-8,
        1,
        0,
        1.2861320897172845e-8,
        -1,
        -2.1492512658483065e-8,
        0,
        0.004536306019872427,
        -0.0006533205159939826,
        -0.006107767578214407,
        1
      ]
    },
    {
      "name": "arm_up.R",
      "scale": [
        1.00000059604645,
        1,
        1
      ],
      "children": [
        12
      ],
      "parent": null,
      "position": [
        -0.00333630526438355,
        0.00363481277599931,
        0.0000107170280898572
      ],
      "quat": [
        0.974127531051636,
        -0.225987911224365,
        -0.000237023486988619,
        -0.0022179193329066
      ],
      "path": "Armature/belly/torso/arm_up.R",
      "uniqueBindPose": [
        -0.9446018934249878,
        0.3282168507575989,
        -5.004699765720488e-9,
        0,
        -0.3282134234905243,
        -0.9445930123329163,
        0.004461192060261965,
        0,
        0.0014642328023910522,
        0.004214053973555565,
        0.9999901652336121,
        0,
        0.007813012227416039,
        0.012320782989263535,
        -0.00005264403807814233,
        1
      ]
    },
    {
      "name": "arm_down.R",
      "scale": [
        1,
        0.999999821186066,
        1
      ],
      "children": [
        13
      ],
      "parent": null,
      "position": [
        3.10772629852352e-10,
        0.00365612050518394,
        2.61934462834901e-12
      ],
      "quat": [
        -0.0543985776603222,
        0.0125166326761246,
        -0.254266619682312,
        0.965521931648254
      ],
      "path": "Armature/belly/torso/arm_up.R/arm_down.R",
      "uniqueBindPose": [
        -0.9999993443489075,
        5.970436518509814e-7,
        -2.258665432464113e-7,
        0,
        -5.970434813207248e-7,
        -0.9999997615814209,
        5.807280004099802e-11,
        0,
        -2.2586641534871887e-7,
        5.82076470356796e-11,
        0.9999998211860657,
        0,
        0.0045363083481788635,
        0.010749148204922676,
        -0.000004689031356974738,
        1
      ]
    },
    {
      "name": "hand.R",
      "scale": [
        1,
        1.00000011920929,
        1
      ],
      "children": [
        14
      ],
      "parent": null,
      "position": [
        2.93803148476712e-10,
        0.00350510980933905,
        6.98491889328245e-11
      ],
      "quat": [
        -2.61934474110603e-9,
        -1.19442120194435e-7,
        -1.50612322613597e-8,
        1
      ],
      "path": "Armature/belly/torso/arm_up.R/arm_down.R/hand.R",
      "uniqueBindPose": [
        -0.9999995231628418,
        5.373734666136443e-7,
        1.274958894015299e-8,
        0,
        -5.373732960833877e-7,
        -0.9999998211860657,
        6.851291215403347e-15,
        0,
        1.2749582722904051e-8,
        7.403296774608358e-23,
        1,
        0,
        0.004536306951195002,
        0.007244038861244917,
        -0.000004690123660111567,
        1
      ]
    },
    {
      "name": "wep.R",
      "scale": [
        1,
        1,
        1.00000011920929
      ],
      "parent": null,
      "position": [
        3.40514810792669e-10,
        0.00113627279642969,
        -0.00065801088931039
      ],
      "quat": [
        -5.24744407925937e-8,
        0.707106828689575,
        -0.707106709480286,
        5.4295714591035e-8
      ],
      "path": "Armature/belly/torso/arm_up.R/arm_down.R/hand.R/wep.R",
      "uniqueBindPose": [
        0.9999995231628418,
        -1.2749434397107962e-8,
        -6.247963142413937e-7,
        0,
        6.247960868677183e-7,
        -2.1492516211196744e-8,
        0.9999998211860657,
        0,
        -1.27494406143569e-8,
        -1,
        -2.1492505553055707e-8,
        0,
        -0.004536306951195002,
        -0.0006533205159939826,
        -0.006107765715569258,
        1
      ]
    },
    {
      "name": "leg_up.L",
      "scale": [
        1,
        1.00000154972076,
        1.00011050701141
      ],
      "children": [
        16
      ],
      "parent": null,
      "position": [
        0.00155919708777219,
        0.000565400696359575,
        7.94093370301536e-25
      ],
      "quat": [
        0.992241144180298,
        0.0184754952788353,
        -0.0564158037304878,
        0.10924020409584
      ],
      "path": "Armature/belly/leg_up.L",
      "uniqueBindPose": [
        -1,
        -2.445786988768703e-16,
        -1.3101036261305724e-17,
        0,
        2.4492937051703357e-16,
        -0.9985682964324951,
        -0.053489040583372116,
        0,
        -3.1225496002505283e-25,
        -0.05349103733897209,
        0.9985311031341553,
        0,
        -0.0015591973206028342,
        0.008221166208386421,
        0.00044037276529707015,
        1
      ]
    },
    {
      "name": "leg_down.L",
      "scale": [
        0.999999940395355,
        1.00000011920929,
        1.0000011920929
      ],
      "children": [
        17
      ],
      "parent": null,
      "position": [
        -3.72529021519519e-11,
        0.00387041736394167,
        7.45058043039037e-11
      ],
      "quat": [
        0.157454833388329,
        -1.94511429185695e-9,
        4.71543304403355e-10,
        0.987526178359985
      ],
      "path": "Armature/belly/leg_up.L/leg_down.L",
      "uniqueBindPose": [
        -1,
        -2.4433467397872225e-16,
        1.705518706397765e-17,
        0,
        2.4492937051703357e-16,
        -0.9975720643997192,
        0.06963308155536652,
        0,
        5.678491966717013e-25,
        0.06963562965393066,
        0.9975355267524719,
        0,
        -0.0015591969713568687,
        0.004371888469904661,
        -0.000097640288004186,
        1
      ]
    },
    {
      "name": "foot.L",
      "scale": [
        1.00000333786011,
        1.00003147125244,
        1.0000022649765
      ],
      "parent": null,
      "position": [
        -6.75208847167319e-11,
        0.00297307991422713,
        6.51925805006393e-11
      ],
      "quat": [
        -0.562715828418732,
        -0.0271410942077637,
        0.00558659993112087,
        0.826185822486877
      ],
      "path": "Armature/belly/leg_up.L/leg_down.L/foot.L",
      "uniqueBindPose": [
        -1,
        -1.095380095713505e-16,
        -2.1906690030362822e-16,
        0,
        2.4492934404725397e-16,
        -0.44722285866737366,
        -0.8944084644317627,
        0,
        -1.525780373473394e-25,
        -0.8943899869918823,
        0.44723212718963623,
        0,
        -0.0015591973206028342,
        0.0006271015736274421,
        0.0012541509931907058,
        1
      ]
    },
    {
      "name": "leg_up.R",
      "scale": [
        1,
        1.00000166893005,
        1.00011038780212
      ],
      "children": [
        19
      ],
      "parent": null,
      "position": [
        -0.00155919708777219,
        0.000565400696359575,
        7.94093370301536e-25
      ],
      "quat": [
        0.995430767536163,
        -0.0269555523991585,
        0.0500257723033428,
        0.0767361149191856
      ],
      "path": "Armature/belly/leg_up.R",
      "uniqueBindPose": [
        -1,
        -2.445786988768703e-16,
        -1.3101036261305724e-17,
        0,
        2.4492937051703357e-16,
        -0.9985682964324951,
        -0.053489040583372116,
        0,
        -3.1225496002505283e-25,
        -0.05349103733897209,
        0.9985311031341553,
        0,
        0.0015591973206028342,
        0.008221166208386421,
        0.00044037276529707015,
        1
      ]
    },
    {
      "name": "leg_down.R",
      "scale": [
        0.999999940395355,
        0.999999046325684,
        1.00000202655792
      ],
      "children": [
        20
      ],
      "parent": null,
      "position": [
        3.72529021519519e-11,
        0.00387041759677231,
        -3.72529021519519e-11
      ],
      "quat": [
        0.173701822757721,
        1.4185472796413e-9,
        -2.36424713140337e-10,
        0.984798312187195
      ],
      "path": "Armature/belly/leg_up.R/leg_down.R",
      "uniqueBindPose": [
        -1,
        -2.4433467397872225e-16,
        1.705518706397765e-17,
        0,
        2.4492937051703357e-16,
        -0.9975720643997192,
        0.06963308155536652,
        0,
        5.678491966717013e-25,
        0.06963562965393066,
        0.9975355267524719,
        0,
        0.0015591969713568687,
        0.004371888469904661,
        -0.000097640288004186,
        1
      ]
    },
    {
      "name": "foot.R",
      "scale": [
        1.00000405311584,
        1.00002205371857,
        1.00001060962677
      ],
      "parent": null,
      "position": [
        -2.54871679317148e-11,
        0.00297308014705777,
        -8.2945915760857e-12
      ],
      "quat": [
        -0.601571083068848,
        0.0439371019601822,
        0.00111788639333099,
        0.797609269618988
      ],
      "path": "Armature/belly/leg_up.R/leg_down.R/foot.R",
      "uniqueBindPose": [
        -1,
        -1.095380095713505e-16,
        -2.1906690030362822e-16,
        0,
        2.4492934404725397e-16,
        -0.44722285866737366,
        -0.8944084644317627,
        0,
        -1.525780373473394e-25,
        -0.8943899869918823,
        0.44723212718963623,
        0,
        0.0015591973206028342,
        0.0006271015736274421,
        0.0012541509931907058,
        1
      ]
    },
    {
      "name": "ik_pole.L",
      "scale": [
        1,
        1,
        1
      ],
      "parent": null,
      "position": [
        0.00254770577885211,
        -0.00800686795264482,
        0.00596656184643507
      ],
      "quat": [
        3.19992748732946e-24,
        1.39873283563525e-31,
        1,
        -4.37113882867379e-8
      ],
      "path": "Armature/ik_pole.L",
      "uniqueBindPose": [
        1,
        0,
        0,
        0,
        0,
        2.832769343193999e-16,
        1,
        0,
        0,
        -1,
        2.832769343193999e-16,
        0,
        0.0015591970877721906,
        -0.008006867952644825,
        -0.00596656184643507,
        1
      ]
    },
    {
      "name": "ik_foot.L",
      "scale": [
        1,
        1,
        1
      ],
      "parent": null,
      "position": [
        0.00178745260927826,
        -0.000541012268513441,
        0.00140221288893372
      ],
      "quat": [
        0.00278596812859178,
        0.0407918356359005,
        0.0680814832448959,
        0.996841609477997
      ],
      "path": "Armature/ik_foot.L",
      "uniqueBindPose": [
        -1,
        -3.938764480004351e-32,
        2.4492937051703357e-16,
        0,
        2.4492937051703357e-16,
        -2.832769343193999e-16,
        1,
        0,
        2.9995195144423884e-32,
        1,
        2.832769343193999e-16,
        0,
        -0.0015591970877721906,
        2.254930280477411e-19,
        -0.0014022128889337182,
        1
      ]
    },
    {
      "name": "ik_pole.R",
      "scale": [
        1,
        1,
        1
      ],
      "parent": null,
      "position": [
        -0.00249558128416538,
        -0.00800686795264482,
        0.00596656184643507
      ],
      "quat": [
        3.19992748732946e-24,
        1.39873283563525e-31,
        1,
        -4.37113882867379e-8
      ],
      "path": "Armature/ik_pole.R",
      "uniqueBindPose": [
        1,
        0,
        0,
        0,
        0,
        2.832769343193999e-16,
        1,
        0,
        0,
        -1,
        2.832769343193999e-16,
        0,
        -0.0015591970877721906,
        -0.008006867952644825,
        -0.00596656184643507,
        1
      ]
    },
    {
      "name": "ik_foot.R",
      "scale": [
        1,
        1,
        0.999999940395355
      ],
      "parent": null,
      "position": [
        -0.00187088712118566,
        3.3087223762564e-26,
        0.00140221288893372
      ],
      "quat": [
        0.00313814566470683,
        -0.0371227115392685,
        -0.0841754525899887,
        0.995754241943359
      ],
      "path": "Armature/ik_foot.R",
      "uniqueBindPose": [
        -1,
        -3.938764480004351e-32,
        2.4492937051703357e-16,
        0,
        2.4492937051703357e-16,
        -2.832769343193999e-16,
        1,
        0,
        2.9995195144423884e-32,
        1,
        2.832769343193999e-16,
        0,
        0.0015591970877721906,
        2.254930280477411e-19,
        -0.0014022128889337182,
        1
      ]
    }
  ],
  "_precomputeJointMatrix": false
}